4542323058.mp4, 8.008, 29.97002997002997, 3.22
9753414792.mp4, 8.008008, 29.97, 3.84
6935410837.mp4, 8.0, 25.0, 3.24
8171831850.mp4, 8.008, 29.97002997002997, 4.444029851
11465976586.mp4, 8.008008, 29.97, 3.94
4323977167.mp4, 8.008, 29.97002997002997, 3.26
7005478889.mp4, 8.008, 23.976023976023978, 2.86
6346026937.mp4, 8.008, 23.976023976023978, 2.14
10672253555.mp4, 8.008008, 29.97, 1.614785992
6812062788.mp4, 8.008, 29.97002997002997, 2.52
3930579113.mp4, 8.008, 29.97002997002997, 2.86
6981897920.mp4, 8.008, 29.97002997002997, 3.3
8957212602.mp4, 8.008008, 29.97, 3.56
4771991539.mp4, 8.0, 24.0, 3.0
8420230247.mp4, 8.008, 29.97002997002997, 3.96
4161940753.mp4, 8.0, 24.0, 3.66
8408744905.mp4, 8.008, 29.97002997002997, 3.5
13291575674.mp4, 8.008, 29.97002997002997, 2.66
6538025379.mp4, 8.008, 29.97002997002997, 3.8
7344072960.mp4, 8.0, 24.0, 2.769874477
9969637164.mp4, 8.008008, 29.97, 3.42
8688311915.mp4, 8.008, 29.97002997002997, 2.98
6929069239.mp4, 8.008, 29.97002997002997, 2.58
9248029519.mp4, 8.008008, 29.97, 2.7
3617102785.mp4, 8.008, 29.97002997002997, 3.08
9189459433.mp4, 8.0, 25.0, 2.22
3359662128.mp4, 8.008, 23.976023976023978, 3.08
6408325533.mp4, 8.008, 29.97002997002997, 1.26
5310216885.mp4, 8.008, 29.97002997002997, 2.24
9455400456.mp4, 8.0, 24.0, 2.22
7820483368.mp4, 8.008, 29.97002997002997, 2.76
4713503488.mp4, 8.008, 23.976023976023978, 3.88
6024650797.mp4, 8.008, 29.97002997002997, 2.54
8548046708.mp4, 8.008, 23.976023976023978, 3.36
8078127133.mp4, 8.008, 29.97002997002997, 2.618867925
5490599661.mp4, 8.008, 29.97002997002997, 2.88
6749780445.mp4, 8.008, 29.97002997002997, 2.02
5433352304.mp4, 8.008, 29.97002997002997, 2.22
12262452854.mp4, 8.0, 24.0, 4.24
4299787720.mp4, 8.008, 29.97002997002997, 2.849802372
4453069241.mp4, 8.008, 29.97002997002997, 2.92
4915461487.mp4, 8.0, 24.0, 2.24
8565847545.mp4, 8.008, 29.97002997002997, 3.08
7012065923.mp4, 8.008, 29.97002997002997, 3.48
4970919913.mp4, 8.0, 24.0, 2.32
5424989067.mp4, 8.008, 29.97002997002997, 2.4
3318634083.mp4, 8.008, 29.97002997002997, 2.3
8317937019.mp4, 8.008, 29.97002997002997, 2.48
8667534666.mp4, 8.008, 29.97002997002997, 4.02
6060761361.mp4, 8.008, 29.97002997002997, 3.06
4161747134.mp4, 8.008, 29.97002997002997, 3.48
8937776831.mp4, 8.008008, 29.97, 3.9
11237101334.mp4, 8.0, 24.0, 2.26
8182593817.mp4, 8.008, 29.97002997002997, 2.8
11403577283.mp4, 8.008, 23.976023976023978, 3.06
4482595368.mp4, 8.008, 29.97002997002997, 3.86
5564650233.mp4, 8.008, 29.97002997002997, 3.484251969
4626131441.mp4, 8.008, 23.976023976023978, 2.68
6100104774.mp4, 8.008, 29.97002997002997, 3.16
8088901520.mp4, 8.008, 29.97002997002997, 3.68
4557456762.mp4, 8.008, 29.97002997002997, 3.24
5622498540.mp4, 8.008, 29.97002997002997, 3.0
9086621277.mp4, 8.0, 24.0, 3.28
8097209231.mp4, 8.008, 29.97002997002997, 3.4
5263204150.mp4, 8.008, 29.97002997002997, 3.64
3407992311.mp4, 8.008, 29.97002997002997, 4.08
4472493392.mp4, 8.008, 23.976023976023978, 2.38
6350328925.mp4, 8.008, 23.976023976023978, 3.4
5512609909.mp4, 8.008, 29.97002997002997, 3.3
6047579133.mp4, 8.008, 29.97002997002997, 3.12
8592011515.mp4, 8.0, 24.0, 2.0
7834396986.mp4, 8.008, 29.97002997002997, 3.3
8554748075.mp4, 8.008, 23.976023976023978, 2.089068826
6073473868.mp4, 8.0, 24.0, 2.62
3887621073.mp4, 8.008, 29.97002997002997, 1.58
6874423527.mp4, 8.0, 24.0, 2.82
7123482247.mp4, 8.008, 23.976023976023978, 3.258064516
6008700446.mp4, 8.008, 29.97002997002997, 2.0
12816380173.mp4, 8.008, 23.976023976023978, 3.28
3504083604.mp4, 8.008, 29.97002997002997, 2.38
5962679589.mp4, 8.008, 29.97002997002997, 1.86
8236900278.mp4, 8.0, 24.0, 3.36
8909265380.mp4, 8.008008, 29.97, 2.78
3015973424.mp4, 8.008, 23.976023976023978, 3.1
11646665363.mp4, 8.008, 29.97002997002997, 3.7
8151400613.mp4, 8.008, 29.97002997002997, 2.98
6830500351.mp4, 8.008, 29.97002997002997, 2.94
6680559525.mp4, 8.008, 29.97002997002997, 3.3
5858864133.mp4, 8.008, 29.97002997002997, 2.48
7175971942.mp4, 8.008, 29.97002997002997, 2.32
3664548641.mp4, 8.0, 24.0, 3.121568627
10208239954.mp4, 8.008008, 29.97, 3.12
8773297527.mp4, 8.008008, 29.97, 3.72
8915047035.mp4, 8.008008, 29.97, 3.68
10602272313.mp4, 8.008008, 29.97, 3.1
5621374631.mp4, 8.008, 29.97002997002997, 2.52
9732912473.mp4, 8.008008, 29.97, 3.42
4991520511.mp4, 8.008, 29.97002997002997, 1.98
6811275923.mp4, 8.008, 23.976023976023978, 3.36
5169144673.mp4, 8.008, 29.97002997002997, 2.98
5790468384.mp4, 8.0, 24.0, 2.36
6571028091.mp4, 8.008, 29.97002997002997, 3.16
5920289173.mp4, 8.008, 29.97002997002997, 3.44
5032172516.mp4, 8.008, 29.97002997002997, 3.48
3715429501.mp4, 8.008, 29.97002997002997, 2.9
4970624827.mp4, 8.0, 25.0, 1.66
7521145978.mp4, 8.008, 29.97002997002997, 3.44
5825661459.mp4, 8.008, 29.97002997002997, 3.32
8479364057.mp4, 8.008, 23.976023976023978, 2.74
8148981356.mp4, 8.008, 29.97002997002997, 3.16
12567402335.mp4, 8.008008, 29.97, 1.8
8589300397.mp4, 8.008, 29.97002997002997, 3.6
10500520233.mp4, 8.008008, 29.97, 2.86
3934294391.mp4, 8.008, 29.97002997002997, 2.26
8387302863.mp4, 8.008, 29.97002997002997, 3.3
7402519316.mp4, 8.008, 29.97002997002997, 2.98
7651248048.mp4, 8.0, 24.0, 2.08
4005506137.mp4, 8.008, 23.976023976023978, 2.24
3459410764.mp4, 8.008, 29.97002997002997, 3.692946058
8039356416.mp4, 8.008, 29.97002997002997, 2.46
5698463243.mp4, 8.0, 25.0, 2.96
6865667129.mp4, 8.008, 29.97002997002997, 3.3
4956991827.mp4, 8.008, 29.97002997002997, 2.98
4879585643.mp4, 8.008, 29.97002997002997, 1.84
8267321210.mp4, 8.008, 29.97002997002997, 3.42
8240363350.mp4, 8.008, 29.97002997002997, 3.22
5590704113.mp4, 8.008, 29.97002997002997, 3.12
5045897151.mp4, 8.008, 29.97002997002997, 2.24
6178882861.mp4, 8.008, 29.97002997002997, 2.76
7068941889.mp4, 8.008, 29.97002997002997, 2.8
3459287580.mp4, 8.008, 23.976023976023978, 3.5
4593126957.mp4, 8.008, 29.97002997002997, 3.1
8562619627.mp4, 8.0, 25.0, 4.26
13036222674.mp4, 8.008008, 29.97, 3.56
11540616946.mp4, 8.008008, 29.97, 4.08
4979493912.mp4, 8.008, 29.97002997002997, 3.14
12859019173.mp4, 8.008, 29.97002997002997, 3.72
5222599467.mp4, 8.008, 29.97002997002997, 2.6
6809728071.mp4, 8.008, 29.97002997002997, 3.52
5075205526.mp4, 8.0, 24.0, 3.18
6783810490.mp4, 8.008, 29.97002997002997, 1.88
8230249635.mp4, 8.008, 29.97002997002997, 2.66
8092884510.mp4, 8.0, 24.0, 2.42
8625682550.mp4, 8.0, 24.0, 1.84
8717647202.mp4, 8.0, 25.0, 3.64
3337642103.mp4, 8.008, 29.97002997002997, 3.308641975
8931854960.mp4, 8.008008, 29.97, 3.7
9459232387.mp4, 8.008008, 29.97, 3.04
4866009712.mp4, 8.008, 29.97002997002997, 2.42
8679156964.mp4, 8.0, 25.0, 3.8
8372557828.mp4, 8.008, 29.97002997002997, 2.08
8591330227.mp4, 8.0, 25.0, 2.36
6173852301.mp4, 8.008, 29.97002997002997, 2.2
5620430600.mp4, 8.008, 29.97002997002997, 2.5
12412571563.mp4, 8.008008, 29.97, 3.5
8689455432.mp4, 8.008, 29.97002997002997, 2.68
9427595515.mp4, 8.008008, 29.97, 2.06
5379891328.mp4, 8.008, 29.97002997002997, 3.5
5596033251.mp4, 8.008, 23.976023976023978, 3.66
9387089233.mp4, 8.008008, 29.97, 2.68
7547384258.mp4, 8.008, 29.97002997002997, 2.44
7708735292.mp4, 8.0, 24.0, 2.46
3533765114.mp4, 8.0, 24.0, 2.28
5280283886.mp4, 8.008, 29.97002997002997, 3.86
10655599784.mp4, 8.008008, 29.97, 3.26
3321308714.mp4, 8.008, 23.976023976023978, 3.04
6953979425.mp4, 8.008, 29.97002997002997, 3.02
4095112467.mp4, 8.008, 29.97002997002997, 2.4
9521557660.mp4, 8.0, 24.0, 3.6
5111411754.mp4, 8.008, 29.97002997002997, 2.68
5072411175.mp4, 8.0, 24.0, 2.5
3589925544.mp4, 8.0, 24.0, 3.16
7123683275.mp4, 8.0, 24.0, 2.06
7074513729.mp4, 8.008, 29.97002997002997, 1.56
12465909365.mp4, 8.008008, 29.97, 3.88
3240926995.mp4, 8.008, 29.97002997002997, 3.1484375
12952440214.mp4, 8.008, 29.97002997002997, 2.5
7236880666.mp4, 8.008, 29.97002997002997, 3.5
9144368303.mp4, 8.008008, 23.976, 2.9
10864372176.mp4, 8.008, 29.97002997002997, 3.14
7171297739.mp4, 8.008, 23.976023976023978, 2.06
3561516939.mp4, 8.008, 29.97002997002997, 2.44
4820762619.mp4, 8.008, 29.97002997002997, 2.16
6868110990.mp4, 8.008, 29.97002997002997, 3.18
7173586391.mp4, 8.008, 23.976023976023978, 2.74
4391946048.mp4, 7.5742329999999995, 29.97002997002997, 3.3
7274180028.mp4, 8.008, 23.976023976023978, 3.76
6062892973.mp4, 8.008, 29.97002997002997, 2.86
5149271412.mp4, 8.008, 29.97002997002997, 2.82
7117529219.mp4, 8.008, 29.97002997002997, 2.86
6937597827.mp4, 8.008, 29.97002997002997, 3.28
12355531285.mp4, 8.008008, 29.97, 4.22
5266562897.mp4, 8.008, 29.97002997002997, 2.56
5921571324.mp4, 8.008, 29.97002997002997, 3.24
8478531549.mp4, 8.008, 29.97002997002997, 2.3
6422437813.mp4, 8.008, 29.97002997002997, 2.46
5215773911.mp4, 8.008, 29.97002997002997, 3.54
13276560083.mp4, 8.008, 29.97002997002997, 3.2
6806699713.mp4, 8.008, 29.97002997002997, 3.76
8257892715.mp4, 8.008, 29.97002997002997, 1.98
7879889838.mp4, 8.008, 29.97002997002997, 2.76
5218188823.mp4, 8.0, 24.0, 3.0
5044148124.mp4, 8.008, 29.97002997002997, 2.18
5917982116.mp4, 8.008, 29.97002997002997, 3.84
5143368697.mp4, 8.008, 29.97002997002997, 3.1
7390590300.mp4, 8.008, 23.976023976023978, 2.28
6866970306.mp4, 8.008, 29.97002997002997, 3.32
5026138416.mp4, 8.008, 29.97002997002997, 3.22
5268797415.mp4, 8.0, 24.0, 2.44
12965735905.mp4, 8.008008, 29.97, 3.18
4800261002.mp4, 8.008, 29.97002997002997, 3.98
9513714022.mp4, 8.008008, 29.97, 3.8
7495255120.mp4, 8.008, 23.976023976023978, 2.42
5223525504.mp4, 8.008, 29.97002997002997, 3.08
10127250986.mp4, 8.008008, 29.97, 2.3
6971905222.mp4, 8.008, 29.97002997002997, 2.6
6250048696.mp4, 8.008, 29.97002997002997, 3.08
12044525214.mp4, 8.008008, 29.97, 3.0
6181812275.mp4, 8.008, 29.97002997002997, 3.06
10716218856.mp4, 8.008008, 23.976, 2.06
6724048499.mp4, 8.008, 29.97002997002997, 2.56
12379836133.mp4, 8.0, 25.0, 4.24
4877128768.mp4, 8.008, 29.97002997002997, 3.42
10609570083.mp4, 8.008008, 29.97, 3.1
5319047612.mp4, 8.008, 29.97002997002997, 1.346863469
9000209228.mp4, 8.0, 25.0, 2.1
12923454185.mp4, 8.008, 29.97002997002997, 2.88
6868246166.mp4, 8.0, 24.0, 2.68
4397381332.mp4, 8.008, 29.97002997002997, 3.56
7381539666.mp4, 8.008, 29.97002997002997, 2.86
4971091773.mp4, 8.0, 24.0, 2.9
4655662252.mp4, 8.008, 29.97002997002997, 3.94
5947649803.mp4, 8.008, 29.97002997002997, 3.42
4375496636.mp4, 8.008, 29.97002997002997, 3.6
4980230630.mp4, 8.008, 29.97002997002997, 3.72
8140107150.mp4, 8.0, 24.0, 2.4
8017059368.mp4, 8.008, 29.97002997002997, 1.907172996
5118641893.mp4, 8.0, 24.0, 2.76
7313643370.mp4, 8.008, 29.97002997002997, 3.68
5542380796.mp4, 7.708333, 24.0, 1.72
4565232312.mp4, 8.008, 29.97002997002997, 2.64
4573266245.mp4, 8.008, 29.97002997002997, 2.58
4959664675.mp4, 8.0, 24.0, 2.06
6370967061.mp4, 8.0, 24.0, 2.2
7954124226.mp4, 8.008, 29.97002997002997, 3.8
6096480589.mp4, 8.008, 29.97002997002997, 2.4
8069024908.mp4, 8.008, 29.97002997002997, 2.12
6971190423.mp4, 8.008, 29.97002997002997, 3.82
4477789338.mp4, 8.0, 24.0, 2.72
9258419063.mp4, 8.0, 25.0, 3.74
8657921837.mp4, 8.0, 24.0, 4.3
8477990214.mp4, 8.0, 24.0, 2.1
7978973307.mp4, 8.008, 29.97002997002997, 1.78
13079468475.mp4, 8.008008, 29.97, 3.68
5694745216.mp4, 8.0, 24.0, 2.66
8495275628.mp4, 8.008, 29.97002997002997, 3.48
9765162404.mp4, 8.008008, 29.97, 2.08
4642629203.mp4, 8.008, 23.976023976023978, 3.52
10270536464.mp4, 8.008008, 29.97, 3.42
4914377539.mp4, 8.008, 29.97002997002997, 2.2
5493602442.mp4, 8.0, 24.0, 2.5
5737374844.mp4, 8.0, 24.0, 3.0
8072548302.mp4, 8.008, 29.97002997002997, 3.02
3357588876.mp4, 8.0, 25.0, 2.96
6932519097.mp4, 8.008, 29.97002997002997, 3.12
4615948555.mp4, 8.008, 23.976023976023978, 3.02
7146539585.mp4, 8.008, 29.97002997002997, 3.4
5322533709.mp4, 8.008, 29.97002997002997, 2.76
5823644068.mp4, 8.0, 24.0, 2.9
12758594775.mp4, 8.008, 29.97002997002997, 2.94
7246583832.mp4, 8.0, 24.0, 2.86
5995204968.mp4, 8.008, 29.97002997002997, 3.28
6313200205.mp4, 8.008, 29.97002997002997, 3.78
4966446054.mp4, 8.0, 24.0, 2.26
9740517228.mp4, 8.008008, 23.976, 3.8
3863745355.mp4, 8.008, 23.976023976023978, 4.02
5902098420.mp4, 8.008, 29.97002997002997, 3.4
8483400755.mp4, 8.008, 29.97002997002997, 1.46
5579073175.mp4, 8.0, 25.0, 3.32
5756899543.mp4, 8.008, 29.97002997002997, 3.7
5831253770.mp4, 8.008, 29.97002997002997, 3.84
6492110563.mp4, 8.008, 29.97002997002997, 3.92
9709640314.mp4, 8.008008, 29.97, 4.02
5263261013.mp4, 8.008, 29.97002997002997, 2.74
6812860936.mp4, 8.008, 29.97002997002997, 2.88
8223463984.mp4, 8.008, 29.97002997002997, 2.94
4779773181.mp4, 8.0, 25.0, 4.14
12816958564.mp4, 8.0, 25.0, 2.84
5583994811.mp4, 8.008, 29.97002997002997, 3.529166667
4866613201.mp4, 8.008, 29.97002997002997, 2.2
4729578673.mp4, 8.008, 29.97002997002997, 3.28
4260295122.mp4, 8.008, 29.97002997002997, 3.32
4620516469.mp4, 8.008, 23.976023976023978, 3.52
7700672030.mp4, 8.008, 29.97002997002997, 3.3
8281263977.mp4, 8.008, 29.97002997002997, 3.14
9525693928.mp4, 8.008008, 29.97, 3.86
5858312093.mp4, 8.008, 29.97002997002997, 2.4
4136131472.mp4, 8.0, 24.0, 3.2
10521676086.mp4, 8.008008, 29.97, 2.88
5031142078.mp4, 8.0, 24.0, 2.2
12626612584.mp4, 8.008008, 29.97, 3.1
8069868772.mp4, 8.008, 29.97002997002997, 3.32
5816132223.mp4, 8.008, 29.97002997002997, 3.58
5052341075.mp4, 8.008, 23.976023976023978, 3.48
4029116553.mp4, 8.008, 23.976023976023978, 3.82
6894958520.mp4, 8.008, 29.97002997002997, 3.24
3471567822.mp4, 8.008, 29.97002997002997, 1.52
11920895013.mp4, 8.008, 29.97002997002997, 3.42
8491617830.mp4, 8.008, 23.976023976023978, 3.5
6948249567.mp4, 8.008, 29.97002997002997, 3.1
7832506570.mp4, 8.008, 29.97002997002997, 3.92
10541657773.mp4, 8.0, 24.0, 3.74
3860380907.mp4, 8.008, 29.97002997002997, 3.6
8286421427.mp4, 8.0, 25.0, 4.14
10694139655.mp4, 8.008008, 23.976, 1.82
8480588816.mp4, 8.008, 29.97002997002997, 3.74
9089204842.mp4, 8.008008, 23.976, 3.02
5412442677.mp4, 8.008, 29.97002997002997, 2.3
4465669054.mp4, 8.0, 24.0, 2.92
6059786344.mp4, 8.008, 29.97002997002997, 2.66
13286356624.mp4, 8.008, 29.97002997002997, 3.6
4842303128.mp4, 8.008, 29.97002997002997, 3.22
8455309721.mp4, 8.008, 29.97002997002997, 3.42
12020933633.mp4, 8.0, 25.0, 3.36
6149591212.mp4, 8.008, 29.97002997002997, 2.14
3710887216.mp4, 8.008, 29.97002997002997, 2.92
7385692814.mp4, 8.008, 29.97002997002997, 3.92
7341359052.mp4, 8.008, 29.97002997002997, 3.16
6913535960.mp4, 8.0, 25.0, 4.106299213
3722785424.mp4, 8.008, 29.97002997002997, 3.571428571
7029270875.mp4, 8.008, 23.976023976023978, 3.94
5115193359.mp4, 8.008, 29.97002997002997, 3.08
5115335471.mp4, 8.008, 29.97002997002997, 2.16
6324422954.mp4, 8.008, 29.97002997002997, 2.76
5029525594.mp4, 8.008, 29.97002997002997, 3.6
9060241382.mp4, 8.0, 25.0, 4.04
5266893553.mp4, 8.008, 29.97002997002997, 1.74
6864942042.mp4, 8.0, 24.0, 2.72
4867899444.mp4, 8.008, 29.97002997002997, 3.08
8005708131.mp4, 8.008, 29.97002997002997, 3.06
7556474634.mp4, 8.008, 29.97002997002997, 2.94
9480678073.mp4, 8.008008, 29.97, 4.04
8728910927.mp4, 8.0, 24.0, 2.78
4803433208.mp4, 8.008, 29.97002997002997, 3.823529412
10013374164.mp4, 8.008008, 29.97, 3.74
9095814754.mp4, 8.008008, 23.976, 3.8
5769119862.mp4, 8.008, 29.97002997002997, 3.36
9536307250.mp4, 8.008008, 29.97, 3.16
4067736860.mp4, 8.008, 29.97002997002997, 3.16
5901642116.mp4, 8.008, 29.97002997002997, 2.74
5418971855.mp4, 8.008, 29.97002997002997, 2.68
6946901845.mp4, 8.008, 29.97002997002997, 3.46
5475555707.mp4, 8.008, 29.97002997002997, 1.74
6275674780.mp4, 8.0, 24.0, 1.82
8631895364.mp4, 8.008, 29.97002997002997, 3.66
11864752706.mp4, 8.008, 29.97002997002997, 3.9
6208528782.mp4, 8.008, 29.97002997002997, 2.66
6280406572.mp4, 8.0, 24.0, 2.62
6469679863.mp4, 8.008, 29.97002997002997, 2.4
5379210063.mp4, 8.008, 29.97002997002997, 2.84
3469529939.mp4, 8.008, 29.97002997002997, 2.8
7897815844.mp4, 8.008, 29.97002997002997, 2.96
6900620920.mp4, 8.0, 24.0, 4.04
6120978816.mp4, 8.0, 24.0, 2.04
6340576433.mp4, 8.008, 29.97002997002997, 3.46
5369095478.mp4, 8.008, 29.97002997002997, 2.6
5246827285.mp4, 8.0, 24.0, 3.16
9814654176.mp4, 8.008008, 29.97, 1.94
7585780552.mp4, 8.008, 29.97002997002997, 3.52
10925288616.mp4, 8.0, 24.0, 1.46
10249998364.mp4, 7.799466, 23.976, 3.4
6300501644.mp4, 8.0, 24.0, 3.4
5688399126.mp4, 8.008, 29.97002997002997, 3.78
4472730048.mp4, 8.008, 29.97002997002997, 1.622406639
12461764004.mp4, 8.008, 23.976023976023978, 2.16
9812197286.mp4, 8.008008, 29.97, 2.88
9633321480.mp4, 8.0, 24.0, 4.08
5633788395.mp4, 8.008, 29.97002997002997, 3.04
5611452609.mp4, 8.008, 29.97002997002997, 3.38
8355599976.mp4, 8.008, 23.976023976023978, 3.62
8991258489.mp4, 8.0, 24.0, 3.86
9633125766.mp4, 8.008008, 29.97, 3.42
6242642418.mp4, 8.008, 29.97002997002997, 3.398373984
8304230962.mp4, 8.0, 24.0, 2.32
5250183455.mp4, 8.008, 29.97002997002997, 3.1
8731237129.mp4, 8.0, 24.0, 2.48
10016324794.mp4, 8.008008, 23.976, 2.96
6028497716.mp4, 8.0, 24.0, 1.48
4996677282.mp4, 8.008, 29.97002997002997, 2.56
4265470174.mp4, 8.008, 29.97002997002997, 1.56
10411421606.mp4, 8.008008, 29.97, 2.52
9195826668.mp4, 8.008008, 29.97, 3.16
10314276135.mp4, 8.008008, 29.97, 3.22
5974403907.mp4, 8.008, 23.976023976023978, 3.1
4837816091.mp4, 8.008, 23.976023976023978, 3.54
11913590004.mp4, 8.0, 24.0, 2.96
5489207006.mp4, 8.008, 29.97002997002997, 4.04
8741017589.mp4, 8.008008, 29.97, 3.676470588
4211514567.mp4, 8.0, 24.0, 2.74
3516162818.mp4, 8.008, 29.97002997002997, 3.6
5206708965.mp4, 8.0, 24.0, 3.28
10115791113.mp4, 8.008008, 29.97, 3.68
4283455837.mp4, 8.008, 29.97002997002997, 3.68
6184163826.mp4, 8.008, 29.97002997002997, 1.52
9564154386.mp4, 8.008008, 29.97, 2.1
8415984918.mp4, 8.008, 23.976023976023978, 2.38
7616950966.mp4, 8.008, 29.97002997002997, 2.66
11367153336.mp4, 8.008, 29.97002997002997, 2.7
7396603710.mp4, 8.008, 29.97002997002997, 3.64
8955950667.mp4, 8.008008, 29.97, 3.66
7066660513.mp4, 8.008, 29.97002997002997, 3.8
5307981340.mp4, 8.008, 29.97002997002997, 3.52
8182527128.mp4, 8.008, 29.97002997002997, 3.96
5329960963.mp4, 8.0, 24.0, 3.04
5564209652.mp4, 8.008, 29.97002997002997, 2.46
4088281204.mp4, 8.008, 29.97002997002997, 3.43776824
3744752110.mp4, 8.0, 24.0, 2.48
5988574543.mp4, 8.008, 29.97002997002997, 2.9
8587927758.mp4, 8.0, 24.0, 2.14
6021943274.mp4, 8.008, 23.976023976023978, 3.14
4328729913.mp4, 8.008, 29.97002997002997, 3.42
8118947664.mp4, 8.008, 29.97002997002997, 3.76
7517202292.mp4, 8.008, 29.97002997002997, 2.38
5266882983.mp4, 8.008, 29.97002997002997, 2.3
5318369391.mp4, 8.008, 29.97002997002997, 3.3
8729448612.mp4, 8.008008, 29.97, 2.7
4495254692.mp4, 7.966291999999999, 23.976023976023978, 3.9
7192436890.mp4, 8.008, 29.97002997002997, 2.78
6027407703.mp4, 8.008, 29.97002997002997, 3.68
6294328198.mp4, 8.008, 29.97002997002997, 2.52
5956265529.mp4, 8.008, 29.97002997002997, 2.04
4783174196.mp4, 8.008, 29.97002997002997, 2.7
8403451337.mp4, 8.008, 29.97002997002997, 2.78
6621826551.mp4, 8.008, 29.97002997002997, 3.42
6238991743.mp4, 8.008, 29.97002997002997, 1.68
9515797648.mp4, 8.008008, 29.97, 3.78
8152764264.mp4, 8.008, 29.97002997002997, 3.14
5455582932.mp4, 8.008, 29.97002997002997, 3.352272727
5079146602.mp4, 8.0, 24.0, 3.5
3975461732.mp4, 8.008, 29.97002997002997, 3.72
4870064087.mp4, 8.008, 29.97002997002997, 2.96
10838546955.mp4, 8.008008, 29.97, 3.0
4204485800.mp4, 8.008, 29.97002997002997, 1.72972973
3431305644.mp4, 8.0, 24.0, 3.06
9830655414.mp4, 8.008008, 29.97, 3.56
10019485755.mp4, 8.008008, 29.97, 3.7
5279319629.mp4, 8.008, 29.97002997002997, 3.88
5363205423.mp4, 8.0, 24.0, 3.36
6497857295.mp4, 8.008, 29.97002997002997, 2.38
12893008605.mp4, 8.008008, 29.97, 3.55465587
6924551254.mp4, 8.008, 29.97002997002997, 2.72
4281880002.mp4, 8.0, 24.0, 3.2
5295005655.mp4, 8.0, 24.0, 2.72
5506184490.mp4, 8.008, 29.97002997002997, 2.04
10340094005.mp4, 8.008008, 29.97, 3.32
12788630734.mp4, 8.008, 29.97002997002997, 3.26
4279268661.mp4, 8.008, 29.97002997002997, 3.86
6279406877.mp4, 8.008, 29.97002997002997, 3.5
8253260683.mp4, 8.0, 24.0, 3.08
10625504535.mp4, 8.008008, 29.97, 2.1
5754220740.mp4, 8.0, 24.0, 2.74
5360605734.mp4, 8.008, 29.97002997002997, 3.84
10931366544.mp4, 8.008, 23.976023976023978, 3.64
7520968610.mp4, 8.008, 29.97002997002997, 3.1
8459254855.mp4, 8.008, 29.97002997002997, 2.74
9369433766.mp4, 7.5492159999999995, 23.976, 1.52
6838572151.mp4, 8.0, 24.0, 2.6
5419510404.mp4, 8.0, 25.0, 2.26
8685321568.mp4, 7.5416669999999995, 24.0, 2.18
8281880253.mp4, 8.0, 24.0, 2.4
7358630018.mp4, 8.008, 23.976023976023978, 3.6
7622034108.mp4, 8.008, 29.97002997002997, 3.44
8643275693.mp4, 8.008, 29.97002997002997, 3.22
3263720175.mp4, 8.008, 23.976023976023978, 3.04
6223028206.mp4, 8.008, 29.97002997002997, 1.68
8536919744.mp4, 8.0, 24.0, 1.22
6291796040.mp4, 8.008, 29.97002997002997, 3.3
12032110574.mp4, 8.0, 25.0, 2.64
7481217984.mp4, 8.008, 29.97002997002997, 3.2
8052505414.mp4, 8.008, 29.97002997002997, 3.92
9908050493.mp4, 7.540874, 29.97, 2.96
5409101281.mp4, 8.008, 29.97002997002997, 2.54
7812985864.mp4, 8.008, 29.97002997002997, 2.76
11086166076.mp4, 8.008008, 29.97, 3.28
4823416929.mp4, 8.008, 29.97002997002997, 1.98
6408210773.mp4, 8.008, 23.976023976023978, 2.92
5678628993.mp4, 8.008, 29.97002997002997, 3.567226891
5777975441.mp4, 8.008, 29.97002997002997, 2.3
5392736832.mp4, 8.0, 24.0, 2.42
12279842993.mp4, 8.008008, 29.97, 3.72
3629928686.mp4, 8.008, 29.97002997002997, 3.48
8717841410.mp4, 8.008, 29.97002997002997, 3.22
5660712402.mp4, 8.008, 29.97002997002997, 3.82
3825035703.mp4, 8.008, 29.97002997002997, 3.44
8965205906.mp4, 8.008008, 29.97, 3.6
8156543755.mp4, 8.008, 29.97002997002997, 3.14
7541374876.mp4, 8.008, 29.97002997002997, 3.38
7938991482.mp4, 8.008, 29.97002997002997, 2.52
4905336825.mp4, 8.008, 29.97002997002997, 1.828125
8921577578.mp4, 8.008008, 29.97, 3.48
6518466029.mp4, 8.0, 24.0, 3.02
6677269327.mp4, 8.008, 29.97002997002997, 3.72
7453163014.mp4, 8.0, 24.0, 3.02
5705527370.mp4, 8.008, 29.97002997002997, 3.74
9464591256.mp4, 8.008008, 23.976, 3.98
11013388203.mp4, 8.008, 23.976023976023978, 3.76
6021794037.mp4, 8.008, 29.97002997002997, 3.02
4933934170.mp4, 8.008, 29.97002997002997, 1.96
4761429801.mp4, 8.0, 24.0, 3.08
8424428827.mp4, 8.008, 29.97002997002997, 3.38
10008004183.mp4, 8.0, 25.0, 4.06
11383768246.mp4, 8.008, 29.97002997002997, 3.92
9083519636.mp4, 8.008008, 29.97, 2.86
4932309592.mp4, 8.008, 29.97002997002997, 2.94
5882410880.mp4, 8.008, 29.97002997002997, 3.52
6296962313.mp4, 8.008, 29.97002997002997, 2.64
7992241767.mp4, 8.008, 29.97002997002997, 3.64
6760172457.mp4, 8.0, 24.0, 3.24
5459565205.mp4, 7.9079, 29.97002997002997, 3.52
5260933475.mp4, 8.0, 24.0, 3.08
5147152978.mp4, 8.008, 29.97002997002997, 2.597609562
8751856572.mp4, 8.008008, 29.97, 3.9
7977126554.mp4, 8.008, 29.97002997002997, 3.96
12633847193.mp4, 8.008008, 29.97, 2.92
12704590184.mp4, 8.008, 23.976023976023978, 3.9
8195185860.mp4, 8.008, 29.97002997002997, 3.64
4526948676.mp4, 8.008, 29.97002997002997, 3.34
8953002659.mp4, 8.008008, 29.97, 3.9
9478631712.mp4, 8.008008, 29.97, 3.706349206
9382662040.mp4, 8.0, 24.0, 2.76
3763235915.mp4, 8.0, 24.0, 2.343873518
9617144245.mp4, 7.741073999999999, 29.97, 3.82
9917916796.mp4, 8.008008, 29.97, 4.04
10595581344.mp4, 8.008008, 29.97, 4.14
5479646341.mp4, 8.008, 29.97002997002997, 3.02
8331470149.mp4, 8.008, 23.976023976023978, 3.02
6320892865.mp4, 8.008, 23.976023976023978, 2.84
7287123594.mp4, 8.008, 29.97002997002997, 3.48
9659398278.mp4, 8.008008, 29.97, 3.3
5150451769.mp4, 8.0, 25.0, 1.84
8758952624.mp4, 8.008008, 29.97, 4.3
5653702857.mp4, 8.008, 29.97002997002997, 2.86
8536800170.mp4, 8.0, 24.0, 3.12
7591242800.mp4, 8.0, 25.0, 3.16
10102107193.mp4, 8.0, 25.0, 2.18
4177089041.mp4, 8.008, 29.97002997002997, 1.66
8336226077.mp4, 8.008, 29.97002997002997, 2.08
6333567508.mp4, 8.008, 29.97002997002997, 3.18
3591184129.mp4, 8.008, 29.97002997002997, 2.58
8195899669.mp4, 8.008, 29.97002997002997, 2.06
5101801222.mp4, 8.008, 29.97002997002997, 3.32
8039435442.mp4, 8.008, 29.97002997002997, 3.1
6629527951.mp4, 8.0, 24.0, 2.25498008
8610122536.mp4, 8.008, 29.97002997002997, 3.58
4773686738.mp4, 8.008, 29.97002997002997, 2.32
6661657005.mp4, 8.008, 29.97002997002997, 1.9
9726323401.mp4, 8.008008, 29.97, 3.272
6273360207.mp4, 8.008, 29.97002997002997, 3.2
7057951213.mp4, 8.008, 29.97002997002997, 3.54
6849313907.mp4, 8.008, 29.97002997002997, 3.48
8663100289.mp4, 8.0, 24.0, 2.034883721
8583146942.mp4, 8.008, 29.97002997002997, 2.54
9651230522.mp4, 8.008008, 29.97, 2.56
8918155991.mp4, 8.008008, 29.97, 3.46
8587203405.mp4, 8.008, 29.97002997002997, 3.54
5941263615.mp4, 8.0, 25.0, 3.54
4850105788.mp4, 8.008, 29.97002997002997, 3.06
12099271596.mp4, 8.0, 24.0, 2.4
6625655725.mp4, 8.008, 29.97002997002997, 3.62
5133219451.mp4, 7.708333, 24.0, 2.32
7734422826.mp4, 8.008, 29.97002997002997, 2.82
5134417428.mp4, 8.008, 29.97002997002997, 2.26
8487362151.mp4, 8.008, 29.97002997002997, 3.54
4956521693.mp4, 8.008, 29.97002997002997, 2.8
9725289895.mp4, 8.008008, 29.97, 3.58
6157684615.mp4, 8.008, 29.97002997002997, 3.36
8527434285.mp4, 8.008, 29.97002997002997, 2.02
3583315023.mp4, 8.0, 24.0, 2.84
4801224837.mp4, 8.0, 24.0, 3.46
5739175520.mp4, 8.008, 29.97002997002997, 3.68
4775312025.mp4, 8.008, 29.97002997002997, 2.08
12186470506.mp4, 8.008, 29.97002997002997, 2.9
8616015387.mp4, 8.008, 29.97002997002997, 3.54
6096558457.mp4, 8.008, 29.97002997002997, 2.6
8331282929.mp4, 8.008, 23.976023976023978, 3.76
4733600732.mp4, 8.008, 29.97002997002997, 3.48
6381011947.mp4, 8.008, 29.97002997002997, 3.26
5170915466.mp4, 8.008, 29.97002997002997, 2.88
7644822866.mp4, 8.008, 29.97002997002997, 3.78
8604343265.mp4, 8.008, 23.976023976023978, 2.54
5273433233.mp4, 8.008, 29.97002997002997, 3.48
3627681183.mp4, 8.008, 29.97002997002997, 3.44
5815295661.mp4, 8.008, 29.97002997002997, 3.06
6015938306.mp4, 8.008, 29.97002997002997, 2.5
7848940332.mp4, 8.008, 29.97002997002997, 1.86
12330492194.mp4, 8.008008, 29.97, 3.26
5914289359.mp4, 8.008, 29.97002997002997, 3.56
3861648412.mp4, 8.0, 24.0, 2.68
5553355582.mp4, 8.008, 29.97002997002997, 2.22
6210381577.mp4, 8.0, 24.0, 3.22
11469243925.mp4, 8.008008, 29.97, 2.28
11944451643.mp4, 8.008, 29.97002997002997, 3.16
5014400375.mp4, 8.008, 29.97002997002997, 2.28
8724380666.mp4, 8.008, 29.97002997002997, 1.4
8541047953.mp4, 8.008, 29.97002997002997, 3.28
11095294653.mp4, 8.008008, 29.97, 1.86
8886176135.mp4, 8.008008, 29.97, 3.56
4969714039.mp4, 8.008, 29.97002997002997, 3.08
13255378043.mp4, 8.008, 29.97002997002997, 3.12
11617643563.mp4, 8.008, 29.97002997002997, 3.4
5999732346.mp4, 8.0, 24.0, 2.9
10837320963.mp4, 8.0, 25.0, 3.7
8129160337.mp4, 8.008, 29.97002997002997, 3.12
6794539977.mp4, 8.0, 25.0, 3.4
8733102851.mp4, 8.008, 29.97002997002997, 3.08
4373113207.mp4, 8.008, 29.97002997002997, 3.52
6340146486.mp4, 8.0, 25.0, 2.48
4652600104.mp4, 8.008, 29.97002997002997, 3.16
5559135240.mp4, 8.0, 24.0, 2.94
6985991227.mp4, 8.008, 29.97002997002997, 1.62
5632758635.mp4, 8.008, 29.97002997002997, 3.64
3339962845.mp4, 8.008, 29.97002997002997, 4.64
5636445745.mp4, 8.008, 29.97002997002997, 2.52
3770747002.mp4, 8.008, 29.97002997002997, 1.86
8643336872.mp4, 8.008, 29.97002997002997, 1.68
8588854353.mp4, 8.008, 23.976023976023978, 3.88
5668795950.mp4, 8.0, 24.0, 2.86
6497033987.mp4, 8.008, 29.97002997002997, 1.8
4677538291.mp4, 8.008, 29.97002997002997, 1.96
12274927193.mp4, 8.008, 23.976023976023978, 2.98
9256674744.mp4, 8.008008, 29.97, 2.26
5040855662.mp4, 8.008, 29.97002997002997, 3.18
9093682547.mp4, 8.008008, 23.976, 3.1
8716622241.mp4, 8.008, 29.97002997002997, 3.38
5935222726.mp4, 8.008, 29.97002997002997, 1.86
10149337843.mp4, 8.008008, 29.97, 3.94
5012335397.mp4, 8.008, 29.97002997002997, 2.74
3489123822.mp4, 8.0, 24.0, 3.8
6408909511.mp4, 8.008, 29.97002997002997, 3.26
7986004475.mp4, 8.0, 25.0, 3.58
5028474013.mp4, 8.008, 29.97002997002997, 3.52
5110540070.mp4, 8.008, 29.97002997002997, 2.64
5067647428.mp4, 8.008, 29.97002997002997, 3.6
8178490084.mp4, 8.008, 29.97002997002997, 3.42
5589046662.mp4, 8.008, 29.97002997002997, 3.134453782
5541058845.mp4, 8.008, 29.97002997002997, 3.38
5340069287.mp4, 8.008, 29.97002997002997, 3.7
6528988807.mp4, 8.0, 24.0, 3.94488189
9586728257.mp4, 8.008008, 29.97, 3.56
12836715003.mp4, 8.008008, 29.97, 3.3
11803329033.mp4, 8.008008, 29.97, 3.56
10417424703.mp4, 8.008008, 29.97, 1.88
8147563408.mp4, 7.640967, 29.97002997002997, 3.58
6293871635.mp4, 8.008, 29.97002997002997, 3.68
9047671138.mp4, 8.008008, 29.97, 1.98
4406917423.mp4, 8.008, 23.976023976023978, 3.18
4367069947.mp4, 8.0, 24.0, 2.88
5020714258.mp4, 8.008, 23.976023976023978, 2.4
4744073127.mp4, 8.008, 29.97002997002997, 1.42
4843048363.mp4, 8.008, 29.97002997002997, 3.2
7734563104.mp4, 8.008, 23.976023976023978, 2.7
8670600555.mp4, 8.008, 29.97002997002997, 3.16
6582418637.mp4, 8.008, 29.97002997002997, 3.12
7383232724.mp4, 8.008, 29.97002997002997, 2.6
6343817087.mp4, 8.008, 29.97002997002997, 2.64
5827345790.mp4, 8.008, 29.97002997002997, 2.66
4922109288.mp4, 8.008, 29.97002997002997, 3.2
6932589551.mp4, 8.008, 29.97002997002997, 3.62
6338210961.mp4, 8.008, 29.97002997002997, 3.08
3437816776.mp4, 8.0, 24.0, 3.5
8431144343.mp4, 8.0, 24.0, 3.82
5893119747.mp4, 8.0, 25.0, 4.12
4270576961.mp4, 8.008, 29.97002997002997, 2.54
7633708420.mp4, 8.008, 23.976023976023978, 2.78
4383007820.mp4, 8.008, 29.97002997002997, 3.06
8582023917.mp4, 8.008, 29.97002997002997, 2.04
5504464599.mp4, 8.0, 24.0, 1.94
8532196494.mp4, 8.008, 29.97002997002997, 2.46
8201673711.mp4, 8.008, 29.97002997002997, 3.54
6879288904.mp4, 8.0, 24.0, 2.78
9513903384.mp4, 8.008008, 29.97, 4.04
4033322131.mp4, 8.008, 29.97002997002997, 2.86
10403478556.mp4, 8.008008, 23.976, 3.68
8207372644.mp4, 8.008, 29.97002997002997, 3.24
6131895268.mp4, 8.008, 29.97002997002997, 1.94
7703064692.mp4, 8.008, 29.97002997002997, 3.6
7500126174.mp4, 8.0, 24.0, 3.6
6268574586.mp4, 8.008, 23.976023976023978, 1.8
6373417661.mp4, 8.008, 23.976023976023978, 3.72
5693366090.mp4, 8.008, 29.97002997002997, 3.62
3358799122.mp4, 8.008, 29.97002997002997, 3.785714286
9812351333.mp4, 8.008008, 29.97, 3.74
10657154643.mp4, 8.008008, 29.97, 3.58
4184711791.mp4, 8.0, 24.0, 3.28
8552723245.mp4, 8.008, 23.976023976023978, 3.58
8842319020.mp4, 8.008008, 23.976, 2.86
7760313026.mp4, 8.008, 29.97002997002997, 3.36
8069880437.mp4, 8.008, 29.97002997002997, 3.64
12276570315.mp4, 8.0, 24.0, 3.365217391
5900513019.mp4, 8.008, 29.97002997002997, 3.231660232
6696625151.mp4, 8.008, 29.97002997002997, 3.1
6792594754.mp4, 8.008, 29.97002997002997, 3.4
10053703034.mp4, 8.008008, 29.97, 3.46
5621520605.mp4, 8.008, 29.97002997002997, 3.34
8144762018.mp4, 8.0, 24.0, 2.1
6095633507.mp4, 8.008, 29.97002997002997, 3.48
6299595444.mp4, 8.008, 29.97002997002997, 1.96
7681404078.mp4, 8.008, 29.97002997002997, 2.98
4484771725.mp4, 8.008, 29.97002997002997, 3.62
6722692103.mp4, 8.0, 24.0, 3.5
10201521555.mp4, 8.008008, 23.976, 2.3
3218223446.mp4, 8.008, 29.97002997002997, 2.92
5880475570.mp4, 8.0, 25.0, 2.695652174
6471207533.mp4, 8.0, 24.0, 3.32
7425861358.mp4, 8.008, 29.97002997002997, 3.46
11359714186.mp4, 8.008008, 29.97, 2.4
3546788918.mp4, 8.008, 29.97002997002997, 3.64
9680817388.mp4, 8.008008, 29.97, 3.84
8699104416.mp4, 8.008, 23.976023976023978, 2.48
5672502803.mp4, 8.008, 29.97002997002997, 3.3
7542896986.mp4, 8.0, 24.0, 3.02
8235549337.mp4, 8.008, 29.97002997002997, 2.66
4675931801.mp4, 8.008, 29.97002997002997, 4.16
5487345956.mp4, 8.008, 29.97002997002997, 3.92
8252040986.mp4, 8.008, 29.97002997002997, 3.68
6079875162.mp4, 8.008, 29.97002997002997, 1.6
5927908371.mp4, 8.008, 29.97002997002997, 1.6
5048882871.mp4, 8.0, 24.0, 1.84
8772282000.mp4, 8.008, 29.97002997002997, 3.24
3904711682.mp4, 8.008, 29.97002997002997, 3.04
5119193300.mp4, 8.008, 29.97002997002997, 2.46
5107749210.mp4, 8.008, 29.97002997002997, 2.36
9298912586.mp4, 8.0, 24.0, 2.5
9234105504.mp4, 8.008008, 23.976, 2.26
6323632937.mp4, 8.0, 24.0, 1.82
8320880668.mp4, 8.0, 24.0, 2.22
5561000398.mp4, 8.0, 24.0, 2.88
8731159058.mp4, 8.008008, 29.97, 2.2
6058824138.mp4, 8.008, 29.97002997002997, 2.74
5214650735.mp4, 8.008, 29.97002997002997, 3.18
5204063512.mp4, 8.008, 29.97002997002997, 2.94
6346933640.mp4, 8.008, 23.976023976023978, 2.6
4897814885.mp4, 8.0, 25.0, 2.46
6527804569.mp4, 8.0, 24.0, 3.12
4834450895.mp4, 8.008, 29.97002997002997, 1.74
3339387387.mp4, 8.008, 29.97002997002997, 2.42
4942462682.mp4, 8.008, 29.97002997002997, 3.5
8299847304.mp4, 8.0, 24.0, 2.96
4801560427.mp4, 8.008, 29.97002997002997, 3.44
7849542524.mp4, 8.008, 29.97002997002997, 3.7
12989512873.mp4, 8.008008, 23.976, 3.24
8467238180.mp4, 8.008, 29.97002997002997, 3.18
8222762296.mp4, 8.008, 29.97002997002997, 1.66
12899309364.mp4, 8.008008, 29.97, 3.1
6226852017.mp4, 8.008, 29.97002997002997, 3.4
8331955206.mp4, 8.008, 29.97002997002997, 3.84
3488252741.mp4, 8.008, 23.976023976023978, 3.54
5972627544.mp4, 8.0, 24.0, 3.04
12255205254.mp4, 8.0, 25.0, 3.96
4629711727.mp4, 8.0, 24.0, 2.3
6268902756.mp4, 8.008, 23.976023976023978, 1.843137255
4889669313.mp4, 8.008, 29.97002997002997, 2.52
7556185878.mp4, 8.0, 24.0, 2.82
8995404511.mp4, 8.008008, 29.97, 3.798245614
5941894437.mp4, 8.008, 29.97002997002997, 2.48
4414516665.mp4, 8.0, 25.0, 3.02
5879908897.mp4, 8.0, 25.0, 3.22
5130906896.mp4, 8.0, 24.0, 3.38
6059351914.mp4, 8.0, 24.0, 2.24
8751538577.mp4, 8.008008, 23.976, 4.4
4363644898.mp4, 8.008, 29.97002997002997, 3.7
6995540661.mp4, 8.008, 29.97002997002997, 3.18
10804894696.mp4, 8.008, 23.976023976023978, 3.12
10408715786.mp4, 8.008008, 29.97, 3.253731343
7136906983.mp4, 8.008, 29.97002997002997, 2.4
8366966088.mp4, 8.008, 29.97002997002997, 2.84
6849945228.mp4, 8.008, 23.976023976023978, 2.91796875
7548330816.mp4, 8.008, 23.976023976023978, 3.04
8479579728.mp4, 8.008, 29.97002997002997, 2.28
6716265511.mp4, 8.0, 24.0, 3.54
5355837503.mp4, 8.008, 23.976023976023978, 4.1
10650618913.mp4, 8.008008, 29.97, 1.7
7917797604.mp4, 8.008, 29.97002997002997, 2.105660377
7532463480.mp4, 8.008, 29.97002997002997, 2.792828685
9542585542.mp4, 8.008008, 29.97, 3.82
8429349812.mp4, 8.008, 29.97002997002997, 3.72
5996750151.mp4, 8.0, 24.0, 3.0
5865474554.mp4, 8.008, 29.97002997002997, 2.38
5245445672.mp4, 8.008, 29.97002997002997, 3.38
4876943348.mp4, 8.008, 29.97002997002997, 3.06
9434801897.mp4, 8.0, 25.0, 3.34
3963620197.mp4, 8.008, 23.976023976023978, 4.02
8976267501.mp4, 8.008008, 29.97, 3.0
7395710342.mp4, 8.008, 29.97002997002997, 2.92
7208119980.mp4, 8.008, 29.97002997002997, 2.93385214
12893918213.mp4, 8.008008, 29.97, 3.599236641
8675766145.mp4, 8.008, 29.97002997002997, 2.5
13154058393.mp4, 8.008, 23.976023976023978, 3.64
5082292308.mp4, 8.008, 29.97002997002997, 3.64
3588022983.mp4, 8.0, 24.0, 3.66
5458000924.mp4, 8.008, 29.97002997002997, 3.06
7141804343.mp4, 8.008, 29.97002997002997, 2.9
8078333220.mp4, 8.008, 29.97002997002997, 2.6
4736973814.mp4, 8.008, 29.97002997002997, 3.46
6971497024.mp4, 8.008, 29.97002997002997, 3.02
6369679907.mp4, 8.008, 29.97002997002997, 1.72
3699539878.mp4, 8.0, 24.0, 3.14
7983363078.mp4, 8.0, 24.0, 1.9
9390723258.mp4, 8.008008, 29.97, 3.8
8172276744.mp4, 8.008, 29.97002997002997, 3.92
10178280003.mp4, 8.008008, 29.97, 1.7
10716551125.mp4, 8.0, 25.0, 2.22
4258186896.mp4, 8.008, 29.97002997002997, 2.34
5078125268.mp4, 8.008, 29.97002997002997, 2.14
6191735552.mp4, 8.008, 29.97002997002997, 3.16
3521396571.mp4, 8.008, 29.97002997002997, 3.54
8729280042.mp4, 8.0, 24.0, 2.26
3179649855.mp4, 8.008, 23.976023976023978, 2.88
8476574247.mp4, 8.008, 29.97002997002997, 3.58
3819966572.mp4, 8.008, 29.97002997002997, 3.72
6514514177.mp4, 8.008, 23.976023976023978, 3.68
8229018279.mp4, 8.008, 29.97002997002997, 3.56
5010279097.mp4, 8.0, 24.0, 3.268907563
5914119796.mp4, 8.008, 29.97002997002997, 2.44
11061444876.mp4, 8.008, 29.97002997002997, 2.16
6304997355.mp4, 8.008, 29.97002997002997, 3.34
6775766604.mp4, 8.008, 29.97002997002997, 2.96
5066571585.mp4, 8.008, 29.97002997002997, 3.2
6554989029.mp4, 8.0, 24.0, 2.68
9058636581.mp4, 8.008008, 29.97, 1.82
6772996477.mp4, 8.008, 23.976023976023978, 3.72
5469530975.mp4, 8.008, 29.97002997002997, 2.9
5162398156.mp4, 8.008, 29.97002997002997, 2.68
5550087163.mp4, 8.008, 29.97002997002997, 2.46
5341444640.mp4, 8.008, 23.976023976023978, 3.68
3590551873.mp4, 8.008, 29.97002997002997, 2.7
3699089579.mp4, 8.0, 24.0, 3.38
5218123691.mp4, 8.0, 24.0, 3.04
4273096444.mp4, 8.008, 29.97002997002997, 3.98
5733977738.mp4, 8.0, 24.0, 2.06
6694501209.mp4, 8.008, 29.97002997002997, 2.92
4227960041.mp4, 8.008, 29.97002997002997, 3.66
6109922367.mp4, 8.008, 29.97002997002997, 3.14
7360639566.mp4, 8.008, 29.97002997002997, 3.54
7361913318.mp4, 8.008, 23.976023976023978, 2.74
4763574191.mp4, 8.008, 29.97002997002997, 3.469230769
5319413177.mp4, 8.0, 24.0, 2.48
9717753449.mp4, 8.008008, 23.976, 2.36
5690367902.mp4, 8.008, 29.97002997002997, 3.56
6137257339.mp4, 8.008, 29.97002997002997, 4.02
8986658663.mp4, 8.008008, 29.97, 3.2
12382276334.mp4, 8.0, 25.0, 3.586872587
4286406568.mp4, 8.008, 29.97002997002997, 2.96
6798366426.mp4, 8.008, 23.976023976023978, 3.84
10838718774.mp4, 8.008008, 29.97, 3.04
7969995368.mp4, 8.008, 29.97002997002997, 3.04
8967888670.mp4, 8.0, 24.0, 3.32
5212573386.mp4, 8.008, 29.97002997002997, 3.74
8440192357.mp4, 8.008, 29.97002997002997, 3.92
7177427229.mp4, 8.008, 23.976023976023978, 2.48
4417558772.mp4, 8.008, 29.97002997002997, 3.9
8007634384.mp4, 8.008, 29.97002997002997, 2.98
5993312864.mp4, 8.008, 29.97002997002997, 1.72
6959318659.mp4, 8.008, 29.97002997002997, 3.04
9675032717.mp4, 8.0, 25.0, 3.26
3496871384.mp4, 8.008, 29.97002997002997, 2.08
6270222640.mp4, 8.008, 29.97002997002997, 2.32
8414555471.mp4, 8.0, 25.0, 3.9
5011231037.mp4, 8.008, 29.97002997002997, 3.62195122
6638842709.mp4, 8.008, 29.97002997002997, 2.94
8646141367.mp4, 8.0, 25.0, 3.8
4265466447.mp4, 8.0, 24.0, 3.32
6867937233.mp4, 8.008, 29.97002997002997, 2.72
9085955167.mp4, 8.008008, 29.97, 3.2
4549036485.mp4, 8.008, 29.97002997002997, 3.992481203
6329730783.mp4, 8.0, 24.0, 2.28
4743183444.mp4, 8.008, 29.97002997002997, 3.44
8667333526.mp4, 8.0, 25.0, 2.62
6740483069.mp4, 8.008, 29.97002997002997, 2.2421875
9445782126.mp4, 8.008008, 29.97, 1.52
6858182534.mp4, 8.008, 29.97002997002997, 2.98
6135877141.mp4, 8.0, 24.0, 2.82
6949440526.mp4, 8.008, 29.97002997002997, 3.92
8531461869.mp4, 8.0, 24.0, 2.72
4751595925.mp4, 8.008, 29.97002997002997, 3.48
8031519344.mp4, 8.008, 29.97002997002997, 3.3
8433382995.mp4, 8.008, 23.976023976023978, 2.22
4337949901.mp4, 8.0, 24.0, 3.34
7087189849.mp4, 8.0, 24.0, 1.98
4313579496.mp4, 8.0, 24.0, 3.76
8251526312.mp4, 8.008, 29.97002997002997, 2.28
5819852885.mp4, 8.008, 29.97002997002997, 2.16
13196703974.mp4, 8.0, 25.0, 3.48
4281436885.mp4, 8.0, 24.0, 3.494339623
3810054574.mp4, 8.008, 29.97002997002997, 3.38
11535683914.mp4, 8.008, 29.97002997002997, 3.94
6598948831.mp4, 8.008, 29.97002997002997, 3.7
8319369964.mp4, 8.008, 29.97002997002997, 2.64
12387439244.mp4, 8.008008, 29.97, 2.34
12031712185.mp4, 8.0, 25.0, 2.58
4506003922.mp4, 8.008, 23.976023976023978, 2.36
5134310379.mp4, 8.008, 29.97002997002997, 2.12
5723108521.mp4, 8.008, 29.97002997002997, 3.18
8322973249.mp4, 8.008, 29.97002997002997, 3.3
6867862287.mp4, 8.008, 29.97002997002997, 3.68
6669111911.mp4, 8.008, 29.97002997002997, 3.2
10244479353.mp4, 8.008008, 29.97, 4.14
9571377943.mp4, 8.008008, 23.976, 4.28
5831807090.mp4, 8.008, 29.97002997002997, 3.68
6947112934.mp4, 8.0, 25.0, 4.18
4297535685.mp4, 8.008, 29.97002997002997, 2.86
5618829039.mp4, 8.008, 29.97002997002997, 3.16
11688667226.mp4, 8.008008, 29.97, 1.94
8298917863.mp4, 8.0, 24.0, 3.28
12101500915.mp4, 8.008, 29.97002997002997, 3.88
9098899158.mp4, 8.008008, 23.976, 3.02
5391431291.mp4, 8.008, 23.976023976023978, 4.151851852
8056761129.mp4, 8.008, 29.97002997002997, 3.12
4734666961.mp4, 8.008, 29.97002997002997, 2.82
9425570317.mp4, 8.0, 24.0, 3.0
3374751086.mp4, 8.008, 23.976023976023978, 2.24
9277742312.mp4, 8.008008, 29.97, 3.4
5516081814.mp4, 8.0, 24.0, 3.6
12823937005.mp4, 8.008008, 29.97, 3.4
5208145791.mp4, 8.008, 29.97002997002997, 2.24
9724431856.mp4, 8.008008, 29.97, 3.84
5460258278.mp4, 8.008, 29.97002997002997, 2.18
7545358086.mp4, 8.0, 24.0, 2.02
4206970561.mp4, 8.008, 23.976023976023978, 2.26
10785115855.mp4, 8.008008, 29.97, 2.46
9766188655.mp4, 8.008008, 29.97, 3.06
12439507093.mp4, 8.0, 24.0, 2.5
4582086726.mp4, 8.008, 29.97002997002997, 3.14
6111574885.mp4, 8.008, 29.97002997002997, 2.74
5346134105.mp4, 8.008, 29.97002997002997, 2.46
3647017501.mp4, 8.008, 23.976023976023978, 3.56
6660107279.mp4, 8.008, 29.97002997002997, 3.26
8002170390.mp4, 8.0, 25.0, 2.76
7495449440.mp4, 8.008, 29.97002997002997, 1.92
6281135899.mp4, 8.008, 29.97002997002997, 3.0
10124821225.mp4, 8.008008, 29.97, 3.4
5004709068.mp4, 8.008, 23.976023976023978, 2.52
8380926104.mp4, 8.008, 29.97002997002997, 3.4
9494995600.mp4, 8.0, 24.0, 2.74
5649370618.mp4, 8.008, 29.97002997002997, 2.9
8110008288.mp4, 8.0, 24.0, 2.02
4901210888.mp4, 8.008, 29.97002997002997, 2.82
5356092090.mp4, 8.008, 29.97002997002997, 3.22
4981160522.mp4, 8.008, 29.97002997002997, 3.26
4236199952.mp4, 8.008, 29.97002997002997, 2.9
7518773518.mp4, 8.008, 23.976023976023978, 4.32
11902527296.mp4, 8.008, 29.97002997002997, 3.24
6076608135.mp4, 8.008, 29.97002997002997, 4.4
4020832533.mp4, 7.674333, 23.976023976023978, 2.948616601
8587384006.mp4, 8.008, 29.97002997002997, 3.74
8278672659.mp4, 8.008, 23.976023976023978, 2.18
9586935224.mp4, 8.008008, 29.97, 3.34
5357123491.mp4, 8.008, 23.976023976023978, 3.44
5003283158.mp4, 8.008, 29.97002997002997, 2.78
12682619933.mp4, 8.008008, 29.97, 3.24
8217524401.mp4, 8.0, 24.0, 2.58
10533906564.mp4, 8.008008, 29.97, 3.24
4864754515.mp4, 8.0, 24.0, 3.12
9267867823.mp4, 8.008008, 29.97, 3.84
10636855406.mp4, 8.008008, 29.97, 3.88
7819697028.mp4, 8.008, 29.97002997002997, 2.56
6694553789.mp4, 8.008, 29.97002997002997, 3.62
6982428911.mp4, 8.008, 29.97002997002997, 2.7
6368379561.mp4, 8.008, 29.97002997002997, 3.54
12623549414.mp4, 8.008008, 29.97, 3.68
8442879599.mp4, 8.008, 29.97002997002997, 3.74
8484812859.mp4, 8.008, 29.97002997002997, 3.38
11816978255.mp4, 8.0, 25.0, 3.76
8215074237.mp4, 8.0, 24.0, 2.7
5415012877.mp4, 8.008, 23.976023976023978, 2.42
12277706754.mp4, 8.008008, 29.97, 3.5
11635304003.mp4, 8.008, 29.97002997002997, 1.74
7526781566.mp4, 8.008, 29.97002997002997, 3.02
6215542986.mp4, 8.008, 29.97002997002997, 2.58
9363436148.mp4, 8.008008, 29.97, 3.58
7005111650.mp4, 8.008, 23.976023976023978, 2.72
5093919014.mp4, 8.008, 29.97002997002997, 2.26
6671136435.mp4, 8.008, 29.97002997002997, 3.04
3369925072.mp4, 8.008, 29.97002997002997, 4.02
11057110163.mp4, 8.008, 29.97002997002997, 2.78
3343535739.mp4, 8.008, 29.97002997002997, 2.4
5526460224.mp4, 8.008, 29.97002997002997, 3.38
5005236579.mp4, 8.008, 29.97002997002997, 3.26
5203755303.mp4, 7.507499999999999, 29.97002997002997, 2.68
5960200024.mp4, 8.008, 29.97002997002997, 2.52
5453773681.mp4, 8.008, 29.97002997002997, 2.24
6319757818.mp4, 8.008, 29.97002997002997, 3.38
2999049224.mp4, 8.008, 29.97002997002997, 3.44
5770178686.mp4, 8.008, 23.976023976023978, 3.78
9737640625.mp4, 7.5492159999999995, 23.976, 3.36
6107338487.mp4, 8.0, 25.0, 3.62
5467704373.mp4, 8.008, 29.97002997002997, 3.16
7897750494.mp4, 8.0, 24.0, 2.4
4627984833.mp4, 8.008, 29.97002997002997, 1.7
3611217365.mp4, 8.008, 23.976023976023978, 3.6
5154464760.mp4, 8.0, 25.0, 3.86
9802042845.mp4, 8.008008, 29.97, 3.66
9618443862.mp4, 8.008008, 29.97, 2.08
7892371292.mp4, 8.008, 29.97002997002997, 3.48
4573314147.mp4, 8.008, 29.97002997002997, 2.56
8026448058.mp4, 8.0, 25.0, 3.44
4545845826.mp4, 8.008, 29.97002997002997, 3.9
4567868868.mp4, 8.008, 29.97002997002997, 3.5
6907839104.mp4, 8.008, 23.976023976023978, 3.5
5875944717.mp4, 8.0, 25.0, 3.92
5009379117.mp4, 7.8411669999999996, 29.97002997002997, 2.299595142
8563986596.mp4, 8.008, 29.97002997002997, 2.94
5987864177.mp4, 8.008, 29.97002997002997, 3.14
4335304419.mp4, 8.008, 29.97002997002997, 3.02
8098521993.mp4, 8.008, 29.97002997002997, 2.86
11925275803.mp4, 8.008, 29.97002997002997, 2.66
5956380805.mp4, 8.008, 29.97002997002997, 3.46
4289215378.mp4, 8.008, 29.97002997002997, 3.4
6787309364.mp4, 8.008, 29.97002997002997, 4.16
10838934973.mp4, 8.008008, 29.97, 3.34
7383994638.mp4, 8.008, 29.97002997002997, 3.74
5845660280.mp4, 8.0, 25.0, 3.5
8738388681.mp4, 8.008, 29.97002997002997, 3.8
6210062524.mp4, 8.0, 24.0, 2.78
6914710581.mp4, 8.0, 24.0, 4.0
7151780093.mp4, 8.008, 29.97002997002997, 2.6
11673027224.mp4, 8.008, 29.97002997002997, 3.32
9317770917.mp4, 8.008008, 29.97, 3.38
7548305462.mp4, 8.008, 23.976023976023978, 2.24
4202404174.mp4, 8.008, 29.97002997002997, 3.14
3425371223.mp4, 8.008, 29.97002997002997, 3.12
4987165854.mp4, 8.008, 29.97002997002997, 3.24
4642004278.mp4, 8.008, 29.97002997002997, 2.56
6223104346.mp4, 8.008, 29.97002997002997, 2.56
12088104156.mp4, 8.008, 29.97002997002997, 3.6
5636101558.mp4, 8.0, 24.0, 2.26
10238939436.mp4, 8.008008, 23.976, 2.58
6844033217.mp4, 8.008, 29.97002997002997, 3.72
8440795977.mp4, 8.008, 29.97002997002997, 2.28
5570426341.mp4, 8.0, 24.0, 1.56
9524637688.mp4, 8.008008, 29.97, 2.58
3948863216.mp4, 8.0, 24.0, 3.62
5706858082.mp4, 8.008, 29.97002997002997, 3.12
5911601461.mp4, 8.008, 23.976023976023978, 3.42
4836718842.mp4, 8.008, 29.97002997002997, 2.64
6792979288.mp4, 8.0, 24.0, 1.78
8486027818.mp4, 8.008, 29.97002997002997, 3.2
12912266335.mp4, 8.0, 24.0, 2.86
5893880541.mp4, 8.008, 23.976023976023978, 2.7
8013211059.mp4, 8.0, 25.0, 2.48
5440091902.mp4, 8.008, 29.97002997002997, 3.0
5850199057.mp4, 8.008, 29.97002997002997, 2.4
11082897705.mp4, 8.008008, 29.97, 3.3
5338017301.mp4, 8.008, 29.97002997002997, 3.8
7935377214.mp4, 8.008, 29.97002997002997, 3.58
4871910775.mp4, 8.008, 29.97002997002997, 2.48
8507613491.mp4, 8.008, 29.97002997002997, 2.28
4321531777.mp4, 8.008, 29.97002997002997, 1.82
8193379879.mp4, 8.0, 24.0, 3.26
4712606231.mp4, 8.008, 29.97002997002997, 3.7
6249802707.mp4, 8.008, 29.97002997002997, 3.58
10283826203.mp4, 8.008008, 29.97, 4.14
8435518163.mp4, 8.008, 29.97002997002997, 3.16
8586743266.mp4, 8.008, 29.97002997002997, 2.72
6490001399.mp4, 8.0, 24.0, 3.36
11907021903.mp4, 8.008008, 29.97, 2.16
7287459080.mp4, 8.008, 29.97002997002997, 2.32
6065207696.mp4, 8.008, 29.97002997002997, 2.88
7197025396.mp4, 8.008, 29.97002997002997, 3.92
6092433561.mp4, 8.008, 29.97002997002997, 2.86
5465225347.mp4, 7.5408669999999995, 29.97002997002997, 3.52
3878700690.mp4, 8.008, 29.97002997002997, 2.74
6313769652.mp4, 8.008, 29.97002997002997, 3.82
5477809421.mp4, 8.008, 29.97002997002997, 4.04
4639129836.mp4, 8.008, 29.97002997002997, 2.06
7550224002.mp4, 8.0, 24.0, 2.34
5805360253.mp4, 8.0, 24.0, 2.58
6444142351.mp4, 8.008, 29.97002997002997, 3.28
7177696763.mp4, 8.0, 24.0, 4.06
4809572333.mp4, 8.008, 23.976023976023978, 3.12
7664727482.mp4, 8.008, 29.97002997002997, 3.4
7198853624.mp4, 8.008, 23.976023976023978, 3.6
8124951690.mp4, 8.008, 29.97002997002997, 3.06
12123666684.mp4, 8.008, 29.97002997002997, 4.0
8132161360.mp4, 8.0, 24.0, 2.9
7122092993.mp4, 8.008, 29.97002997002997, 2.88
5625415555.mp4, 8.008, 23.976023976023978, 2.08
6411380421.mp4, 8.008, 29.97002997002997, 3.44
6867926575.mp4, 8.008, 29.97002997002997, 3.08
8859509880.mp4, 8.008008, 29.97, 3.94
5806274886.mp4, 8.0, 24.0, 2.24
11425159465.mp4, 8.008008, 29.97, 2.68
6648629457.mp4, 8.008, 23.976023976023978, 3.42
8683385786.mp4, 8.008, 29.97002997002997, 3.66
8701032421.mp4, 8.008, 23.976023976023978, 4.02
7548202460.mp4, 8.008, 29.97002997002997, 3.3
5030830413.mp4, 8.008, 29.97002997002997, 3.28
5140332158.mp4, 8.008, 29.97002997002997, 3.58
4723346787.mp4, 8.008, 29.97002997002997, 3.0
5644303578.mp4, 8.008, 29.97002997002997, 2.54
6807638360.mp4, 8.0, 24.0, 1.46
5641862023.mp4, 8.008, 29.97002997002997, 3.36
3860907449.mp4, 8.0, 24.0, 3.54
5460445525.mp4, 8.0, 24.0, 2.04
8339870239.mp4, 8.0, 24.0, 1.992063492
7667993154.mp4, 8.008, 29.97002997002997, 3.76
5869559051.mp4, 8.008, 29.97002997002997, 2.3
13288073854.mp4, 8.0, 25.0, 4.1
5360118581.mp4, 8.008, 29.97002997002997, 3.2
5669052182.mp4, 8.008, 29.97002997002997, 3.879844961
11971608074.mp4, 8.008, 29.97002997002997, 3.34
8646170532.mp4, 8.008, 29.97002997002997, 3.48
5786034294.mp4, 8.008, 23.976023976023978, 3.0
7983610133.mp4, 8.008, 29.97002997002997, 3.74
8084631711.mp4, 8.0, 24.0, 3.48
11435365925.mp4, 8.008008, 29.97, 2.6
6917745987.mp4, 8.008, 23.976023976023978, 2.4
9209826160.mp4, 8.008008, 29.97, 3.34
4907486229.mp4, 8.008, 29.97002997002997, 2.0
6123040072.mp4, 8.0, 24.0, 2.22
5023426388.mp4, 8.008, 29.97002997002997, 3.32
5043852749.mp4, 7.8411669999999996, 29.97002997002997, 1.84
10116604143.mp4, 8.008008, 23.976, 3.08
4945025836.mp4, 8.0, 24.0, 3.32
8664958871.mp4, 8.0, 25.0, 3.52
5609569195.mp4, 8.008, 29.97002997002997, 2.82
4931493432.mp4, 8.008, 29.97002997002997, 3.36
9136867624.mp4, 8.008008, 29.97, 2.12
8494495600.mp4, 8.008, 23.976023976023978, 3.74
3781419322.mp4, 8.008, 23.976023976023978, 2.89787234
8254380270.mp4, 8.0, 24.0, 3.16
7863416600.mp4, 8.008, 29.97002997002997, 1.78
4297792287.mp4, 8.0, 25.0, 3.78
8510251919.mp4, 8.008, 29.97002997002997, 3.66
4573734018.mp4, 8.008, 29.97002997002997, 3.3
5562932712.mp4, 8.008, 23.976023976023978, 3.9
7693986854.mp4, 8.008, 29.97002997002997, 3.1
7959542546.mp4, 8.0, 24.0, 2.64
7962972726.mp4, 8.008, 29.97002997002997, 2.18
11618284403.mp4, 8.008, 29.97002997002997, 4.12
6215522900.mp4, 8.008, 29.97002997002997, 3.48
6804829908.mp4, 8.008, 29.97002997002997, 2.96
6416687735.mp4, 8.008, 29.97002997002997, 3.36
5003956763.mp4, 8.008, 29.97002997002997, 3.598455598
3718963712.mp4, 8.0, 24.0, 3.66
3482706595.mp4, 8.008, 29.97002997002997, 3.2
6106291030.mp4, 8.008, 23.976023976023978, 3.6
6847647728.mp4, 8.008, 29.97002997002997, 3.68
7054450817.mp4, 8.0, 24.0, 3.46
7558781186.mp4, 8.0, 25.0, 1.68
12378508014.mp4, 8.0, 25.0, 4.035573123
10132105415.mp4, 8.008008, 29.97, 1.64
4975471705.mp4, 8.008, 29.97002997002997, 3.78
5717841095.mp4, 8.008, 23.976023976023978, 3.02
6212970517.mp4, 8.008, 29.97002997002997, 2.06
9583034514.mp4, 8.008008, 29.97, 3.88
10406095776.mp4, 8.008008, 29.97, 2.62
8635322862.mp4, 8.008, 29.97002997002997, 2.36
5354932311.mp4, 8.0, 24.0, 3.480314961
5668545266.mp4, 8.0, 24.0, 2.46
4201416279.mp4, 8.008, 29.97002997002997, 3.72
8324243833.mp4, 8.008, 29.97002997002997, 2.16
6439107119.mp4, 8.008, 29.97002997002997, 3.08
8396734122.mp4, 8.0, 24.0, 2.84
10027007645.mp4, 8.008008, 29.97, 3.8
5176278265.mp4, 8.008, 29.97002997002997, 3.12
3747645672.mp4, 8.0, 24.0, 3.82
5127033299.mp4, 8.008, 29.97002997002997, 3.28
6104508040.mp4, 8.008, 29.97002997002997, 3.08
8632107216.mp4, 8.008, 29.97002997002997, 2.32
4159445902.mp4, 8.008, 23.976023976023978, 2.52
8933125503.mp4, 8.008008, 29.97, 2.4
7198246948.mp4, 8.008, 29.97002997002997, 3.42
4673672619.mp4, 8.008, 29.97002997002997, 3.7
12143576166.mp4, 8.008008, 29.97, 3.44
6079632868.mp4, 8.0, 25.0, 3.3
8522230898.mp4, 8.008, 23.976023976023978, 3.34
6916420878.mp4, 8.0, 24.0, 2.84
8730797431.mp4, 8.008, 29.97002997002997, 3.7
4735334918.mp4, 8.008, 29.97002997002997, 2.28
6272702003.mp4, 8.008, 29.97002997002997, 3.5
5311187352.mp4, 8.008, 29.97002997002997, 2.88
13042523904.mp4, 8.008, 29.97002997002997, 3.12
10691750555.mp4, 8.008008, 23.976, 2.84
5539585646.mp4, 8.008, 29.97002997002997, 3.26
6300963347.mp4, 8.008, 29.97002997002997, 3.58
4329911079.mp4, 8.008, 29.97002997002997, 4.02
7722155622.mp4, 8.0, 24.0, 2.36
4491961485.mp4, 8.0, 24.0, 3.08
7547764246.mp4, 8.008, 29.97002997002997, 3.28
6041834062.mp4, 8.008, 29.97002997002997, 3.32
6004183559.mp4, 8.008, 29.97002997002997, 3.38
10128248563.mp4, 8.008008, 29.97, 2.86
6012598017.mp4, 8.008, 29.97002997002997, 3.36
6061346837.mp4, 8.008, 29.97002997002997, 2.78
6416725133.mp4, 8.008, 29.97002997002997, 3.76
8266961231.mp4, 8.008, 29.97002997002997, 3.14
6868748154.mp4, 8.0, 25.0, 3.26
5912268467.mp4, 8.008, 29.97002997002997, 3.34
10404182556.mp4, 8.008008, 29.97, 2.32